0,464
0,463
0,462
0,461
0,460
0,459
0,458
0,457
0,456
0,455
0,454
0,453
0,452
0,451
0,450
0,449
0,448
0,447
0,446
0,445
0,444
0,443
0,442
0,441
0,440
0,439
0,438
0,437
0,436
0,435
0,434
0,433
0,432
0,431
0,430
0,429
0,428
0,427
0,426
0,425
0,424
0,423
0,422
0,421
0,420
0,419
0,418
0,417
0,416
0,415
0,414
0,413
0,412
0,411
0,410
0,409
0,408
0,407
0,406
0,405
0,404
0,403
0,402
0,401
0,400
0,399
0,398
0,397
0,396
0,395
0,394
0,393
0,392
0,391
0,390
29,3
29,2
29,1
29,0
0,389
0,388
28,5
0,387
0,386
0,385
28,4
28,3
28,2
28,1
28,0
27,4
27,3
27,2
27,1
27,0
0,384
0,319
0,318
26,4
26,3
26,2
26,1
26,0
0,317
0,316
25,4
25,3
25,2
0,283
0,243
25,1
25,0
24,3
24,2
0,9
24,1
24,0
23,35
3,2
3,1
3,3
10,157
10,69
10,79
10,105
10,163
10,2
10,3
11,18
11,7
11,13
11,10
11,17
11,2
11,3
9,5
9,2
9,3
